game_id,inning,home_or_away,score_diff,out_count,ball_count_B,ball_count_S,is_base1,is_base2,is_base3,pitcher_id,batter_id,batter_hit_type,pitcher_vs_batter_avg,batter_recent_avg,pitch_speed,pitch_type,total_pitch_count,recent_5_pitch_speed_avg,inning_pitch_count,pitch_result,relay_text,reward_wpa
20200710WOHT02020,1,0,0,0,0,1,0,0,0,77637,78168,L,0.0,1.0,145.0,직구,1,145.0,1,F,서건창 : 우익수 앞 2루타,
20200710WOHT02020,1,0,0,0,0,2,0,0,0,77637,78168,L,0.0,1.0,144.0,직구,2,144.5,2,F,서건창 : 우익수 앞 2루타,
20200710WOHT02020,1,0,0,0,0,2,0,0,0,77637,78168,L,0.0,1.0,145.0,직구,3,144.67,3,F,서건창 : 우익수 앞 2루타,
20200710WOHT02020,1,0,0,0,1,2,0,0,0,77637,78168,L,0.0,1.0,146.0,직구,4,145.0,4,B,서건창 : 우익수 앞 2루타,
20200710WOHT02020,1,0,0,0,1,2,0,0,0,77637,78168,L,0.0,1.0,131.0,슬라이더,5,142.2,5,F,서건창 : 우익수 앞 2루타,
20200710WOHT02020,1,0,0,0,1,2,0,0,0,77637,78168,L,0.0,1.0,141.0,직구,6,141.4,6,F,서건창 : 우익수 앞 2루타,
20200710WOHT02020,1,0,0,0,1,2,0,0,0,77637,78168,L,0.0,1.0,145.0,직구,7,141.6,7,H,서건창 : 우익수 앞 2루타,
20200710WOHT02020,1,0,0,0,0,0,0,0,1,77637,64300,R,0.0,0.288,144.0,직구,8,141.4,8,H,김하성 : 우익수 희생플라이 아웃,
20200710WOHT02020,1,0,-1,1,0,1,0,0,0,77637,67341,L,0.0,0.358,146.0,직구,9,141.4,9,F,이정후 : 삼진 아웃,
20200710WOHT02020,1,0,-1,1,1,1,0,0,0,77637,67341,L,0.0,0.358,145.0,직구,10,144.2,10,B,이정후 : 삼진 아웃,
20200710WOHT02020,1,0,-1,1,1,2,0,0,0,77637,67341,L,0.0,0.358,131.0,슬라이더,11,142.2,11,F,이정후 : 삼진 아웃,
20200710WOHT02020,1,0,-1,1,2,2,0,0,0,77637,67341,L,0.0,0.358,144.0,직구,12,142.0,12,B,이정후 : 삼진 아웃,
20200710WOHT02020,1,0,-1,1,3,2,0,0,0,77637,67341,L,0.0,0.358,144.0,직구,13,142.0,13,B,이정후 : 삼진 아웃,
20200710WOHT02020,1,0,-1,1,3,3,0,0,0,77637,67341,L,0.0,0.358,148.0,직구,14,142.4,14,T,이정후 : 삼진 아웃,
20200710WOHT02020,1,0,-1,2,0,1,0,0,0,77637,75125,R,0.0,0.235,123.0,커브,15,138.0,15,T,박병호 : 중견수 플라이 아웃,
20200710WOHT02020,1,0,-1,2,0,2,0,0,0,77637,75125,R,0.0,0.235,132.0,슬라이더,16,138.2,16,F,박병호 : 중견수 플라이 아웃,
20200710WOHT02020,1,0,-1,2,0,2,0,0,0,77637,75125,R,0.0,0.235,145.0,직구,17,138.4,17,H,박병호 : 중견수 플라이 아웃,
20200710WOHT02020,1,1,-1,0,0,1,0,0,0,65320,64560,R,0.0,0.3,140.0,투심,1,140.0,1,T,이창진 : 유격수 라인드라이브 아웃,
20200710WOHT02020,1,1,-1,0,1,1,0,0,0,65320,64560,R,0.0,0.3,119.0,커브,2,129.5,2,B,이창진 : 유격수 라인드라이브 아웃,
20200710WOHT02020,1,1,-1,0,2,1,0,0,0,65320,64560,R,0.0,0.3,143.0,투심,3,134.0,3,B,이창진 : 유격수 라인드라이브 아웃,
20200710WOHT02020,1,1,-1,0,2,1,0,0,0,65320,64560,R,0.0,0.3,143.0,투심,4,136.25,4,H,이창진 : 유격수 라인드라이브 아웃,
20200710WOHT02020,1,1,-1,1,0,1,0,0,0,65320,69652,L,0.217,1.0,141.0,투심,5,137.2,5,T,터커 : 우익수 왼쪽 1루타,
20200710WOHT02020,1,1,-1,1,0,2,0,0,0,65320,69652,L,0.217,1.0,120.0,커브,6,133.2,6,T,터커 : 우익수 왼쪽 1루타,
20200710WOHT02020,1,1,-1,1,1,2,0,0,0,65320,69652,L,0.217,1.0,143.0,투심,7,138.0,7,B,터커 : 우익수 왼쪽 1루타,
20200710WOHT02020,1,1,-1,1,1,2,0,0,0,65320,69652,L,0.217,1.0,141.0,투심,8,137.6,8,F,터커 : 우익수 왼쪽 1루타,
20200710WOHT02020,1,1,-1,1,2,2,0,0,0,65320,69652,L,0.217,1.0,142.0,투심,9,137.4,9,B,터커 : 우익수 왼쪽 1루타,
20200710WOHT02020,1,1,-1,1,2,2,0,0,0,65320,69652,L,0.217,1.0,132.0,체인지업,10,135.6,10,F,터커 : 우익수 왼쪽 1루타,
20200710WOHT02020,1,1,-1,1,3,2,0,0,0,65320,69652,L,0.217,1.0,131.0,체인지업,11,137.8,11,B,터커 : 우익수 왼쪽 1루타,
20200710WOHT02020,1,1,-1,1,3,2,0,0,0,65320,69652,L,0.217,1.0,142.0,투심,12,137.6,12,H,터커 : 우익수 왼쪽 1루타,
20200710WOHT02020,1,1,-1,1,1,0,1,0,0,65320,72443,L,0.364,0.313,141.0,투심,13,137.6,13,B,최형우 : 좌익수 플라이 아웃,
20200710WOHT02020,1,1,-1,1,1,1,1,0,0,65320,72443,L,0.364,0.313,128.0,체인지업,14,134.8,14,T,최형우 : 좌익수 플라이 아웃,
20200710WOHT02020,1,1,-1,1,2,1,1,0,0,65320,72443,L,0.364,0.313,140.0,투심,15,136.4,15,B,최형우 : 좌익수 플라이 아웃,
20200710WOHT02020,1,1,-1,1,2,1,1,0,0,65320,72443,L,0.364,0.313,140.0,투심,16,138.2,16,H,최형우 : 좌익수 플라이 아웃,
20200710WOHT02020,1,1,-1,2,0,0,1,0,0,65320,78629,R,0.158,0.288,142.0,투심,17,138.2,17,H,나지완 : 3루수 앞 땅볼로 출루,
20200710WOHT02020,2,0,-1,0,0,1,0,0,0,77637,79456,R,0.0,0.308,141.0,직구,18,137.8,1,T,이지영 : 3루수 땅볼 아웃 (3루수->1루수 송구아웃),
20200710WOHT02020,2,0,-1,0,0,2,0,0,0,77637,79456,R,0.0,0.308,145.0,직구,19,137.2,2,F,이지영 : 3루수 땅볼 아웃 (3루수->1루수 송구아웃),
20200710WOHT02020,2,0,-1,0,0,2,0,0,0,77637,79456,R,0.0,0.308,146.0,직구,20,141.8,3,F,이지영 : 3루수 땅볼 아웃 (3루수->1루수 송구아웃),
20200710WOHT02020,2,0,-1,0,0,2,0,0,0,77637,79456,R,0.0,0.308,129.0,슬라이더,21,141.2,4,H,이지영 : 3루수 땅볼 아웃 (3루수->1루수 송구아웃),
20200710WOHT02020,2,0,-1,1,1,0,0,0,0,77637,65399,R,0.0,0.291,128.0,체인지업,22,137.8,5,B,허정협 : 삼진 아웃,
20200710WOHT02020,2,0,-1,1,1,1,0,0,0,77637,65399,R,0.0,0.291,144.0,직구,23,138.4,6,F,허정협 : 삼진 아웃,
20200710WOHT02020,2,0,-1,1,1,2,0,0,0,77637,65399,R,0.0,0.291,145.0,직구,24,138.4,7,T,허정협 : 삼진 아웃,
20200710WOHT02020,2,0,-1,1,1,3,0,0,0,77637,65399,R,0.0,0.291,147.0,직구,25,138.6,8,S,허정협 : 삼진 아웃,
20200710WOHT02020,2,0,-1,2,0,1,0,0,0,77637,79365,R,0.0,0.278,133.0,체인지업,26,139.4,9,S,박동원 : 유격수 라인드라이브 아웃,
20200710WOHT02020,2,0,-1,2,0,2,0,0,0,77637,79365,R,0.0,0.278,128.0,체인지업,27,139.4,10,T,박동원 : 유격수 라인드라이브 아웃,
20200710WOHT02020,2,0,-1,2,0,2,0,0,0,77637,79365,R,0.0,0.278,134.0,슬라이더,28,137.4,11,F,박동원 : 유격수 라인드라이브 아웃,
20200710WOHT02020,2,0,-1,2,1,2,0,0,0,77637,79365,R,0.0,0.278,130.0,슬라이더,29,134.4,12,B,박동원 : 유격수 라인드라이브 아웃,
20200710WOHT02020,2,0,-1,2,1,2,0,0,0,77637,79365,R,0.0,0.278,146.0,직구,30,134.2,13,F,박동원 : 유격수 라인드라이브 아웃,
20200710WOHT02020,2,0,-1,2,1,2,0,0,0,77637,79365,R,0.0,0.278,145.0,직구,31,136.6,14,H,박동원 : 유격수 라인드라이브 아웃,
20200710WOHT02020,2,1,-1,0,1,0,0,0,0,65320,62265,L,0.231,0.318,142.0,투심,18,138.4,1,B,유민상 : 볼넷,
20200710WOHT02020,2,1,-1,0,2,0,0,0,0,65320,62265,L,0.231,0.318,142.0,투심,19,141.2,2,B,유민상 : 볼넷,
20200710WOHT02020,2,1,-1,0,3,0,0,0,0,65320,62265,L,0.231,0.318,139.0,투심,20,141.0,3,B,유민상 : 볼넷,
20200710WOHT02020,2,1,-1,0,3,1,0,0,0,65320,62265,L,0.231,0.318,140.0,투심,21,141.0,4,T,유민상 : 볼넷,
20200710WOHT02020,2,1,-1,0,3,2,0,0,0,65320,62265,L,0.231,0.318,139.0,투심,22,140.4,5,T,유민상 : 볼넷,
20200710WOHT02020,2,1,-1,0,4,2,0,0,0,65320,62265,L,0.231,0.318,141.0,투심,23,140.2,6,B,유민상 : 볼넷,
20200710WOHT02020,2,1,-1,0,0,0,1,0,0,65320,64646,R,0.238,0.244,132.0,슬라이더,24,138.2,7,H,박찬호 : 유격수 땅볼 아웃 (유격수->1루수 송구아웃),
20200710WOHT02020,2,1,-1,1,0,1,0,1,0,65320,73209,R,0.444,1.0,130.0,체인지업,25,136.4,8,F,나주환 : 좌익수 앞 1루타,
20200710WOHT02020,2,1,-1,1,1,1,0,1,0,65320,73209,R,0.444,1.0,142.0,투심,26,136.8,9,B,나주환 : 좌익수 앞 1루타,
20200710WOHT02020,2,1,-1,1,1,2,0,1,0,65320,73209,R,0.444,1.0,141.0,투심,27,137.2,10,F,나주환 : 좌익수 앞 1루타,
20200710WOHT02020,2,1,-1,1,2,2,0,1,0,65320,73209,R,0.444,1.0,119.0,커브,28,132.8,11,B,나주환 : 좌익수 앞 1루타,
20200710WOHT02020,2,1,-1,1,2,2,0,1,0,65320,73209,R,0.444,1.0,131.0,체인지업,29,132.6,12,F,나주환 : 좌익수 앞 1루타,
20200710WOHT02020,2,1,-1,1,2,2,0,1,0,65320,73209,R,0.444,1.0,146.0,투심,30,135.8,13,F,나주환 : 좌익수 앞 1루타,
20200710WOHT02020,2,1,-1,1,2,2,0,1,0,65320,73209,R,0.444,1.0,143.0,투심,31,136.0,14,F,나주환 : 좌익수 앞 1루타,
20200710WOHT02020,2,1,-1,1,2,2,0,1,0,65320,73209,R,0.444,1.0,144.0,투심,32,136.6,15,F,나주환 : 좌익수 앞 1루타,
20200710WOHT02020,2,1,-1,1,2,2,0,1,0,65320,73209,R,0.444,1.0,128.0,체인지업,33,138.4,16,H,나주환 : 좌익수 앞 1루타,
20200710WOHT02020,2,1,-1,1,0,1,1,0,1,65320,63722,R,0.125,0.224,129.0,체인지업,34,138.0,17,F,한승택 : 몸에 맞는 볼,
20200710WOHT02020,2,1,-1,1,0,2,1,0,1,65320,63722,R,0.125,0.224,130.0,슬라이더,35,134.8,18,F,한승택 : 몸에 맞는 볼,
20200710WOHT02020,2,1,-1,1,1,2,1,0,1,65320,63722,R,0.125,0.224,142.0,투심,36,134.6,19,B,한승택 : 몸에 맞는 볼,
20200710WOHT02020,2,1,-1,1,2,2,1,0,1,65320,63722,R,0.125,0.224,144.0,투심,37,134.6,20,B,한승택 : 몸에 맞는 볼,
20200710WOHT02020,2,1,-1,1,0,1,1,1,1,65320,65464,L,0.0,0.16,142.0,투심,38,137.4,21,T,최정용 : 2루수 앞 땅볼로 출루,
20200710WOHT02020,2,1,-1,1,1,1,1,1,1,65320,65464,L,0.0,0.16,141.0,투심,39,139.8,22,B,최정용 : 2루수 앞 땅볼로 출루,
20200710WOHT02020,2,1,-1,1,1,2,1,1,1,65320,65464,L,0.0,0.16,141.0,투심,40,142.0,23,F,최정용 : 2루수 앞 땅볼로 출루,
20200710WOHT02020,2,1,-1,1,2,2,1,1,1,65320,65464,L,0.0,0.16,130.0,체인지업,41,139.6,24,B,최정용 : 2루수 앞 땅볼로 출루,
20200710WOHT02020,2,1,-1,1,2,2,1,1,1,65320,65464,L,0.0,0.16,125.0,체인지업,42,135.8,25,F,최정용 : 2루수 앞 땅볼로 출루,
20200710WOHT02020,2,1,-1,1,2,2,1,1,1,65320,65464,L,0.0,0.16,138.0,투심,43,135.0,26,H,최정용 : 2루수 앞 땅볼로 출루,
20200710WOHT02020,2,1,0,2,1,0,1,0,1,65320,64560,R,0.0,0.5,142.0,투심,44,135.2,27,B,이창진 : 중견수 왼쪽 1루타,
20200710WOHT02020,2,1,0,2,1,1,1,0,1,65320,64560,R,0.0,0.5,129.0,체인지업,45,132.8,28,S,이창진 : 중견수 왼쪽 1루타,
20200710WOHT02020,2,1,0,2,2,1,1,0,1,65320,64560,R,0.0,0.5,131.0,슬라이더,46,133.0,29,B,이창진 : 중견수 왼쪽 1루타,
20200710WOHT02020,2,1,0,2,2,1,1,0,1,65320,64560,R,0.0,0.5,140.0,투심,47,136.0,30,H,이창진 : 중견수 왼쪽 1루타,
20200710WOHT02020,2,1,1,2,0,1,1,0,1,65320,69652,L,0.217,0.5,130.0,체인지업,48,134.4,31,T,터커 : 1루수 땅볼 아웃 (1루수 1루 터치아웃),
20200710WOHT02020,2,1,1,2,0,2,1,0,1,65320,69652,L,0.217,0.5,132.0,슬라이더,49,132.4,32,F,터커 : 1루수 땅볼 아웃 (1루수 1루 터치아웃),
20200710WOHT02020,2,1,1,2,1,2,1,0,1,65320,69652,L,0.217,0.5,119.0,커브,50,130.4,33,B,터커 : 1루수 땅볼 아웃 (1루수 1루 터치아웃),
20200710WOHT02020,2,1,1,2,1,2,1,0,1,65320,69652,L,0.217,0.5,142.0,투심,51,132.6,34,F,터커 : 1루수 땅볼 아웃 (1루수 1루 터치아웃),
20200710WOHT02020,2,1,1,2,1,2,1,0,1,65320,69652,L,0.217,0.5,119.0,커브,52,128.4,35,F,터커 : 1루수 땅볼 아웃 (1루수 1루 터치아웃),
20200710WOHT02020,2,1,1,2,1,2,1,0,1,65320,69652,L,0.217,0.5,130.0,슬라이더,53,128.4,36,H,터커 : 1루수 땅볼 아웃 (1루수 1루 터치아웃),
20200710WOHT02020,3,0,1,0,0,1,0,0,0,77637,65586,R,0.0,0.254,142.0,직구,32,139.4,1,T,전병우 : 포수 스트라이크 낫 아웃 (포수 태그아웃),
20200710WOHT02020,3,0,1,0,1,1,0,0,0,77637,65586,R,0.0,0.254,145.0,직구,33,141.6,2,B,전병우 : 포수 스트라이크 낫 아웃 (포수 태그아웃),
20200710WOHT02020,3,0,1,0,1,2,0,0,0,77637,65586,R,0.0,0.254,144.0,직구,34,144.4,3,S,전병우 : 포수 스트라이크 낫 아웃 (포수 태그아웃),
20200710WOHT02020,3,0,1,0,1,2,0,0,0,77637,65586,R,0.0,0.254,145.0,직구,35,144.2,4,F,전병우 : 포수 스트라이크 낫 아웃 (포수 태그아웃),
20200710WOHT02020,3,0,1,0,1,3,0,0,0,77637,65586,R,0.0,0.254,130.0,체인지업,36,141.2,5,S,전병우 : 포수 스트라이크 낫 아웃 (포수 태그아웃),
20200710WOHT02020,3,0,1,1,1,0,0,0,0,77637,64657,L,0.0,0.215,128.0,슬라이더,37,138.4,6,B,박준태 : 삼진 아웃,
20200710WOHT02020,3,0,1,1,1,1,0,0,0,77637,64657,L,0.0,0.215,144.0,직구,38,138.2,7,T,박준태 : 삼진 아웃,
20200710WOHT02020,3,0,1,1,2,1,0,0,0,77637,64657,L,0.0,0.215,128.0,슬라이더,39,135.0,8,B,박준태 : 삼진 아웃,
20200710WOHT02020,3,0,1,1,2,2,0,0,0,77637,64657,L,0.0,0.215,146.0,직구,40,135.2,9,F,박준태 : 삼진 아웃,
20200710WOHT02020,3,0,1,1,3,2,0,0,0,77637,64657,L,0.0,0.215,145.0,직구,41,138.2,10,B,박준태 : 삼진 아웃,
20200710WOHT02020,3,0,1,1,3,3,0,0,0,77637,64657,L,0.0,0.215,146.0,직구,42,141.8,11,T,박준태 : 삼진 아웃,
20200710WOHT02020,3,0,1,2,0,1,0,0,0,77637,78168,L,0.0,1.0,129.0,슬라이더,43,138.8,12,F,서건창 : 중견수 앞 1루타,
20200710WOHT02020,3,0,1,2,1,1,0,0,0,77637,78168,L,0.0,1.0,132.0,슬라이더,44,139.6,13,B,서건창 : 중견수 앞 1루타,
20200710WOHT02020,3,0,1,2,1,1,0,0,0,77637,78168,L,0.0,1.0,127.0,슬라이더,45,135.8,14,H,서건창 : 중견수 앞 1루타,
20200710WOHT02020,3,0,1,2,1,0,1,0,0,77637,64300,R,0.0,0.288,144.0,직구,46,135.6,15,B,김하성 : 볼넷,
20200710WOHT02020,3,0,1,2,2,0,1,0,0,77637,64300,R,0.0,0.288,142.0,직구,47,134.8,16,B,김하성 : 볼넷,
20200710WOHT02020,3,0,1,2,2,1,1,0,0,77637,64300,R,0.0,0.288,130.0,체인지업,48,135.0,17,T,김하성 : 볼넷,
20200710WOHT02020,3,0,1,2,3,1,1,0,0,77637,64300,R,0.0,0.288,143.0,직구,49,137.2,18,B,김하성 : 볼넷,
20200710WOHT02020,3,0,1,2,4,1,1,0,0,77637,64300,R,0.0,0.288,144.0,직구,50,140.6,19,B,김하성 : 볼넷,
20200710WOHT02020,3,0,1,2,0,1,1,1,0,77637,67341,L,0.0,0.5,145.0,직구,51,140.8,20,T,이정후 : 중견수 앞 1루타,
20200710WOHT02020,3,0,1,2,0,1,1,1,0,77637,67341,L,0.0,0.5,146.0,직구,52,141.6,21,H,이정후 : 중견수 앞 1루타,
20200710WOHT02020,3,0,0,2,0,1,1,1,0,77637,75125,R,0.0,0.5,133.0,체인지업,53,142.2,22,T,박병호 : 유격수 왼쪽 내야안타,
20200710WOHT02020,3,0,0,2,1,1,1,1,0,77637,75125,R,0.0,0.5,143.0,직구,54,142.2,23,B,박병호 : 유격수 왼쪽 내야안타,
20200710WOHT02020,3,0,0,2,2,1,1,1,0,77637,75125,R,0.0,0.5,144.0,직구,55,142.2,24,B,박병호 : 유격수 왼쪽 내야안타,
20200710WOHT02020,3,0,0,2,2,2,1,1,0,77637,75125,R,0.0,0.5,146.0,직구,56,142.4,25,S,박병호 : 유격수 왼쪽 내야안타,
20200710WOHT02020,3,0,0,2,2,2,1,1,0,77637,75125,R,0.0,0.5,145.0,직구,57,142.2,26,H,박병호 : 유격수 왼쪽 내야안타,
20200710WOHT02020,3,0,0,2,0,0,1,1,1,77637,79456,R,0.0,0.308,145.0,직구,58,144.6,27,H,이지영 : 중견수 플라이 아웃,
20200710WOHT02020,3,1,0,0,1,0,0,0,0,65320,72443,L,0.364,0.313,128.0,체인지업,54,127.6,1,B,최형우 : 우익수 앞 1루타,
20200710WOHT02020,3,1,0,0,2,0,0,0,0,65320,72443,L,0.364,0.313,129.0,체인지업,55,129.6,2,B,최형우 : 우익수 앞 1루타,
20200710WOHT02020,3,1,0,0,2,1,0,0,0,65320,72443,L,0.364,0.313,139.0,투심,56,129.0,3,T,최형우 : 우익수 앞 1루타,
20200710WOHT02020,3,1,0,0,2,2,0,0,0,65320,72443,L,0.364,0.313,139.0,투심,57,133.0,4,F,최형우 : 우익수 앞 1루타,
20200710WOHT02020,3,1,0,0,2,2,0,0,0,65320,72443,L,0.364,0.313,139.0,투심,58,134.8,5,H,최형우 : 우익수 앞 1루타,
20200710WOHT02020,3,1,0,0,0,1,1,0,0,65320,78629,R,0.158,0.5,131.0,슬라이더,59,135.4,6,T,나지완 : 중견수 뒤 홈런 (홈런거리:125M),
20200710WOHT02020,3,1,0,0,0,2,1,0,0,65320,78629,R,0.158,0.5,116.0,커브,60,132.8,7,F,나지완 : 중견수 뒤 홈런 (홈런거리:125M),
20200710WOHT02020,3,1,0,0,1,2,1,0,0,65320,78629,R,0.158,0.5,133.0,슬라이더,61,131.6,8,B,나지완 : 중견수 뒤 홈런 (홈런거리:125M),
20200710WOHT02020,3,1,0,0,1,2,1,0,0,65320,78629,R,0.158,0.5,140.0,투심,62,131.8,9,H,나지완 : 중견수 뒤 홈런 (홈런거리:125M),
20200710WOHT02020,3,1,2,0,0,0,0,0,0,65320,62265,L,0.231,0.318,141.0,투심,63,132.2,10,H,유민상 : 중견수 플라이 아웃,
20200710WOHT02020,3,1,2,1,0,1,0,0,0,65320,64646,R,0.238,0.244,142.0,투심,64,134.4,11,T,박찬호 : 2루수 땅볼 아웃 (2루수->1루수 송구아웃),
20200710WOHT02020,3,1,2,1,0,2,0,0,0,65320,64646,R,0.238,0.244,142.0,투심,65,139.6,12,F,박찬호 : 2루수 땅볼 아웃 (2루수->1루수 송구아웃),
20200710WOHT02020,3,1,2,1,1,2,0,0,0,65320,64646,R,0.238,0.244,133.0,슬라이더,66,139.6,13,B,박찬호 : 2루수 땅볼 아웃 (2루수->1루수 송구아웃),
20200710WOHT02020,3,1,2,1,1,2,0,0,0,65320,64646,R,0.238,0.244,141.0,투심,67,139.8,14,F,박찬호 : 2루수 땅볼 아웃 (2루수->1루수 송구아웃),
20200710WOHT02020,3,1,2,1,1,2,0,0,0,65320,64646,R,0.238,0.244,141.0,투심,68,139.8,15,H,박찬호 : 2루수 땅볼 아웃 (2루수->1루수 송구아웃),
20200710WOHT02020,3,1,2,2,0,1,0,0,0,65320,73209,R,0.444,1.0,142.0,투심,69,139.8,16,F,나주환 : 중견수 뒤 홈런 (홈런거리:125M),
20200710WOHT02020,3,1,2,2,0,1,0,0,0,65320,73209,R,0.444,1.0,142.0,투심,70,139.8,17,H,나주환 : 중견수 뒤 홈런 (홈런거리:125M),
20200710WOHT02020,3,1,3,2,0,1,0,0,0,65320,63722,R,0.125,0.224,129.0,슬라이더,71,139.0,18,T,한승택 : 우익수 플라이 아웃,
20200710WOHT02020,3,1,3,2,1,1,0,0,0,65320,63722,R,0.125,0.224,117.0,커브,72,134.2,19,B,한승택 : 우익수 플라이 아웃,
20200710WOHT02020,3,1,3,2,1,1,0,0,0,65320,63722,R,0.125,0.224,142.0,투심,73,134.4,20,H,한승택 : 우익수 플라이 아웃,
20200710WOHT02020,4,0,3,0,0,1,0,0,0,77637,65399,R,0.0,0.291,143.0,직구,59,144.6,1,T,허정협 : 1루수 파울플라이 아웃,
20200710WOHT02020,4,0,3,0,0,2,0,0,0,77637,65399,R,0.0,0.291,145.0,직구,60,144.8,2,F,허정협 : 1루수 파울플라이 아웃,
20200710WOHT02020,4,0,3,0,1,2,0,0,0,77637,65399,R,0.0,0.291,147.0,직구,61,145.0,3,B,허정협 : 1루수 파울플라이 아웃,
20200710WOHT02020,4,0,3,0,1,2,0,0,0,77637,65399,R,0.0,0.291,129.0,체인지업,62,141.8,4,H,허정협 : 1루수 파울플라이 아웃,
20200710WOHT02020,4,0,3,1,0,0,0,0,0,77637,79365,R,0.0,0.278,145.0,직구,63,141.8,5,H,박동원 : 2루수 플라이 아웃,
20200710WOHT02020,4,0,3,2,0,1,0,0,0,77637,65586,R,0.0,0.5,129.0,슬라이더,64,139.0,6,S,전병우 : 중견수 왼쪽 1루타,
20200710WOHT02020,4,0,3,2,1,1,0,0,0,77637,65586,R,0.0,0.5,120.0,커브,65,134.0,7,B,전병우 : 중견수 왼쪽 1루타,
20200710WOHT02020,4,0,3,2,1,1,0,0,0,77637,65586,R,0.0,0.5,128.0,체인지업,66,130.2,8,H,전병우 : 중견수 왼쪽 1루타,
20200710WOHT02020,4,0,3,2,1,0,1,0,0,77637,64657,L,0.0,0.215,145.0,직구,67,133.4,9,B,박준태 : 유격수 땅볼 아웃 (유격수->1루수 송구아웃),
20200710WOHT02020,4,0,3,2,1,1,1,0,0,77637,64657,L,0.0,0.215,144.0,직구,68,133.2,10,S,박준태 : 유격수 땅볼 아웃 (유격수->1루수 송구아웃),
20200710WOHT02020,4,0,3,2,1,2,1,0,0,77637,64657,L,0.0,0.215,143.0,직구,69,136.0,11,F,박준태 : 유격수 땅볼 아웃 (유격수->1루수 송구아웃),
20200710WOHT02020,4,0,3,2,1,2,1,0,0,77637,64657,L,0.0,0.215,147.0,직구,70,141.4,12,H,박준태 : 유격수 땅볼 아웃 (유격수->1루수 송구아웃),
20200710WOHT02020,4,1,3,0,0,0,0,0,0,65320,65464,L,0.0,0.5,139.0,투심,74,133.8,1,H,최정용 : 중견수 왼쪽 1루타,
20200710WOHT02020,4,1,3,0,0,0,1,0,0,65320,64560,R,0.0,0.667,140.0,투심,75,133.4,2,H,이창진 : 3루수 앞 번트안타,
20200710WOHT02020,4,1,3,0,0,1,1,1,0,65320,69652,L,0.217,0.667,131.0,슬라이더,76,133.8,3,F,터커 : 우익수 오른쪽 2루타,
20200710WOHT02020,4,1,3,0,1,1,1,1,0,65320,69652,L,0.217,0.667,122.0,커브,77,134.8,4,B,터커 : 우익수 오른쪽 2루타,
20200710WOHT02020,4,1,3,0,1,1,1,1,0,65320,69652,L,0.217,0.667,131.0,슬라이더,78,132.6,5,H,터커 : 우익수 오른쪽 2루타,
20200710WOHT02020,4,1,5,0,0,0,0,1,0,65320,72443,L,0.364,0.333,130.0,체인지업,79,130.8,6,H,최형우 : 중견수 플라이 아웃,
20200710WOHT02020,4,1,5,1,1,0,0,1,0,65320,78629,R,0.158,0.5,143.0,투심,80,131.4,7,B,나지완 : 몸에 맞는 볼,
20200710WOHT02020,4,1,5,1,0,0,1,1,0,65320,62265,L,0.231,0.318,131.0,체인지업,81,131.4,8,H,유민상 : 1루수 땅볼 아웃 (1루수->투수 1루 터치아웃),
20200710WOHT02020,4,1,5,2,0,1,0,1,1,65320,64646,R,0.238,0.244,133.0,슬라이더,82,133.6,9,T,박찬호 : 포수 파울플라이 아웃,
20200710WOHT02020,4,1,5,2,0,1,0,1,1,65320,64646,R,0.238,0.244,132.0,슬라이더,83,133.8,10,H,박찬호 : 포수 파울플라이 아웃,
20200710WOHT02020,5,0,5,0,1,0,0,0,0,77637,78168,L,0.0,1.0,144.0,직구,71,144.6,1,B,서건창 : 볼넷,
20200710WOHT02020,5,0,5,0,2,0,0,0,0,77637,78168,L,0.0,1.0,144.0,직구,72,144.4,2,B,서건창 : 볼넷,
20200710WOHT02020,5,0,5,0,2,1,0,0,0,77637,78168,L,0.0,1.0,142.0,직구,73,144.0,3,T,서건창 : 볼넷,
20200710WOHT02020,5,0,5,0,3,1,0,0,0,77637,78168,L,0.0,1.0,143.0,직구,74,144.0,4,B,서건창 : 볼넷,
20200710WOHT02020,5,0,5,0,4,1,0,0,0,77637,78168,L,0.0,1.0,139.0,직구,75,142.4,5,B,서건창 : 볼넷,
20200710WOHT02020,5,0,5,0,1,0,1,0,0,77637,64300,R,0.0,0.288,128.0,체인지업,76,139.2,6,B,김하성 : 삼진 아웃,
20200710WOHT02020,5,0,5,0,2,0,1,0,0,77637,64300,R,0.0,0.288,128.0,체인지업,77,136.0,7,B,김하성 : 삼진 아웃,
20200710WOHT02020,5,0,5,0,2,1,1,0,0,77637,64300,R,0.0,0.288,142.0,직구,78,136.0,8,T,김하성 : 삼진 아웃,
20200710WOHT02020,5,0,5,0,2,2,1,0,0,77637,64300,R,0.0,0.288,144.0,직구,79,136.2,9,T,김하성 : 삼진 아웃,
20200710WOHT02020,5,0,5,0,2,3,1,0,0,77637,64300,R,0.0,0.288,144.0,직구,80,137.2,10,T,김하성 : 삼진 아웃,
20200710WOHT02020,5,0,5,1,0,1,1,0,0,77637,67341,L,0.0,0.333,143.0,직구,81,140.2,11,T,이정후 : 좌익수 플라이 아웃,
20200710WOHT02020,5,0,5,1,0,2,1,0,0,77637,67341,L,0.0,0.333,122.0,커브,82,139.0,12,F,이정후 : 좌익수 플라이 아웃,
20200710WOHT02020,5,0,5,1,1,2,1,0,0,77637,67341,L,0.0,0.333,145.0,직구,83,139.6,13,B,이정후 : 좌익수 플라이 아웃,
20200710WOHT02020,5,0,5,1,1,2,1,0,0,77637,67341,L,0.0,0.333,145.0,직구,84,139.8,14,F,이정후 : 좌익수 플라이 아웃,
20200710WOHT02020,5,0,5,1,1,2,1,0,0,77637,67341,L,0.0,0.333,145.0,직구,85,140.0,15,F,이정후 : 좌익수 플라이 아웃,
20200710WOHT02020,5,0,5,1,1,2,1,0,0,77637,67341,L,0.0,0.333,133.0,슬라이더,86,138.0,16,F,이정후 : 좌익수 플라이 아웃,
20200710WOHT02020,5,0,5,1,1,2,1,0,0,77637,67341,L,0.0,0.333,144.0,직구,87,142.4,17,H,이정후 : 좌익수 플라이 아웃,
20200710WOHT02020,5,0,5,2,1,0,1,0,0,77637,75125,R,0.0,0.333,124.0,커브,88,138.2,18,B,박병호 : 중견수 플라이 아웃,
20200710WOHT02020,5,0,5,2,1,1,1,0,0,77637,75125,R,0.0,0.333,129.0,체인지업,89,135.0,19,F,박병호 : 중견수 플라이 아웃,
20200710WOHT02020,5,0,5,2,2,1,1,0,0,77637,75125,R,0.0,0.333,131.0,체인지업,90,132.2,20,B,박병호 : 중견수 플라이 아웃,
20200710WOHT02020,5,0,5,2,2,1,1,0,0,77637,75125,R,0.0,0.333,142.0,직구,91,134.0,21,H,박병호 : 중견수 플라이 아웃,
20200710WOHT02020,5,1,5,0,0,1,0,0,0,67391,73209,R,0.444,0.667,139.0,직구,1,139.0,1,T,나주환 : 우익수 플라이 아웃,
20200710WOHT02020,5,1,5,0,0,2,0,0,0,67391,73209,R,0.444,0.667,140.0,직구,2,139.5,2,F,나주환 : 우익수 플라이 아웃,
20200710WOHT02020,5,1,5,0,0,2,0,0,0,67391,73209,R,0.444,0.667,130.0,체인지업,3,136.33,3,H,나주환 : 우익수 플라이 아웃,
20200710WOHT02020,5,1,5,1,1,0,0,0,0,67391,63722,R,0.125,0.224,139.0,직구,4,137.0,4,B,한승택 : 좌익수 플라이 아웃,
20200710WOHT02020,5,1,5,1,1,1,0,0,0,67391,63722,R,0.125,0.224,137.0,직구,5,137.0,5,F,한승택 : 좌익수 플라이 아웃,
20200710WOHT02020,5,1,5,1,2,1,0,0,0,67391,63722,R,0.125,0.224,138.0,직구,6,136.8,6,B,한승택 : 좌익수 플라이 아웃,
20200710WOHT02020,5,1,5,1,3,1,0,0,0,67391,63722,R,0.125,0.224,126.0,체인지업,7,134.0,7,B,한승택 : 좌익수 플라이 아웃,
20200710WOHT02020,5,1,5,1,3,1,0,0,0,67391,63722,R,0.125,0.224,137.0,직구,8,135.4,8,H,한승택 : 좌익수 플라이 아웃,
20200710WOHT02020,5,1,5,2,0,0,0,0,0,67391,65464,L,0.0,0.333,129.0,슬라이더,9,133.4,9,H,최정용 : 3루수 플라이 아웃,
20200710WOHT02020,6,0,5,0,1,0,0,0,0,77637,79456,R,0.0,0.308,141.0,직구,92,133.4,1,B,이지영 : 좌익수 왼쪽 2루타,
20200710WOHT02020,6,0,5,0,1,1,0,0,0,77637,79456,R,0.0,0.308,128.0,체인지업,93,134.2,2,S,이지영 : 좌익수 왼쪽 2루타,
20200710WOHT02020,6,0,5,0,1,2,0,0,0,77637,79456,R,0.0,0.308,142.0,직구,94,136.8,3,F,이지영 : 좌익수 왼쪽 2루타,
20200710WOHT02020,6,0,5,0,2,2,0,0,0,77637,79456,R,0.0,0.308,145.0,직구,95,139.6,4,B,이지영 : 좌익수 왼쪽 2루타,
20200710WOHT02020,6,0,5,0,2,2,0,0,0,77637,79456,R,0.0,0.308,130.0,체인지업,96,137.2,5,H,이지영 : 좌익수 왼쪽 2루타,
20200710WOHT02020,6,0,5,0,1,0,0,1,0,77637,65399,R,0.0,0.291,144.0,직구,97,137.8,6,B,허정협 : 삼진 아웃,
20200710WOHT02020,6,0,5,0,1,1,0,1,0,77637,65399,R,0.0,0.291,145.0,직구,98,141.2,7,F,허정협 : 삼진 아웃,
20200710WOHT02020,6,0,5,0,1,2,0,1,0,77637,65399,R,0.0,0.291,145.0,직구,99,141.8,8,T,허정협 : 삼진 아웃,
20200710WOHT02020,6,0,5,0,1,3,0,1,0,77637,65399,R,0.0,0.291,145.0,직구,100,141.8,9,S,허정협 : 삼진 아웃,
20200710WOHT02020,6,0,5,1,0,0,0,1,0,77637,79365,R,0.0,0.333,131.0,체인지업,101,142.0,10,H,박동원 : 좌익수 뒤 홈런 (홈런거리:110M),
20200710WOHT02020,6,0,3,1,0,1,0,0,0,77637,65586,R,0.0,0.667,147.0,직구,102,142.6,11,W,전병우 : 우중간 3루타,
20200710WOHT02020,6,0,3,1,1,1,0,0,0,77637,65586,R,0.0,0.667,148.0,직구,103,143.2,12,B,전병우 : 우중간 3루타,
20200710WOHT02020,6,0,3,1,1,2,0,0,0,77637,65586,R,0.0,0.667,128.0,체인지업,104,139.8,13,T,전병우 : 우중간 3루타,
20200710WOHT02020,6,0,3,1,1,2,0,0,0,77637,65586,R,0.0,0.667,146.0,직구,105,140.0,14,H,전병우 : 우중간 3루타,
20200710WOHT02020,6,0,3,1,0,1,0,0,1,63628,64657,L,0.0,0.333,140.0,투심,1,140.0,1,F,박준태 : 중견수 앞 1루타,
20200710WOHT02020,6,0,3,1,0,1,0,0,1,63628,64657,L,0.0,0.333,142.0,투심,2,141.0,2,H,박준태 : 중견수 앞 1루타,
20200710WOHT02020,6,0,2,1,1,0,1,0,0,63628,78168,L,0.0,1.0,136.0,투심,3,139.33,3,B,서건창 : 우익수 앞 1루타,
20200710WOHT02020,6,0,2,1,1,0,1,0,0,63628,78168,L,0.0,1.0,137.0,투심,4,138.75,4,H,서건창 : 우익수 앞 1루타,
20200710WOHT02020,6,0,2,1,0,1,1,0,1,63628,64300,R,0.0,0.288,137.0,투심,5,138.4,5,F,김하성 : 3루수 앞 땅볼로 출루,
20200710WOHT02020,6,0,2,1,0,1,1,0,1,63628,64300,R,0.0,0.288,139.0,투심,6,138.2,6,H,김하성 : 3루수 앞 땅볼로 출루,
20200710WOHT02020,6,0,1,2,1,0,1,0,0,63628,67341,L,0.0,0.25,140.0,투심,7,137.8,7,B,이정후 : 2루수 땅볼 아웃 (2루수->1루수 송구아웃),
20200710WOHT02020,6,0,1,2,2,0,0,1,0,63628,67341,L,0.0,0.25,139.0,투심,8,138.4,8,B,이정후 : 2루수 땅볼 아웃 (2루수->1루수 송구아웃),
20200710WOHT02020,6,0,1,2,2,0,0,1,0,63628,67341,L,0.0,0.25,139.0,투심,9,138.8,9,H,이정후 : 2루수 땅볼 아웃 (2루수->1루수 송구아웃),
20200710WOHT02020,6,1,1,0,1,0,0,0,0,61962,64560,R,0.0,0.5,145.0,직구,1,145.0,1,B,이창진 : 투수 땅볼 아웃 (투수->1루수 송구아웃),
20200710WOHT02020,6,1,1,0,1,0,0,0,0,61962,64560,R,0.0,0.5,146.0,직구,2,145.5,2,H,이창진 : 투수 땅볼 아웃 (투수->1루수 송구아웃),
20200710WOHT02020,6,1,1,1,0,1,0,0,0,61962,69652,L,0.217,0.75,147.0,직구,3,146.0,3,S,터커 : 좌익수 뒤 홈런 (홈런거리:105M),
20200710WOHT02020,6,1,1,1,1,1,0,0,0,61962,69652,L,0.217,0.75,148.0,직구,4,146.5,4,B,터커 : 좌익수 뒤 홈런 (홈런거리:105M),
20200710WOHT02020,6,1,1,1,2,1,0,0,0,61962,69652,L,0.217,0.75,121.0,커브,5,141.4,5,B,터커 : 좌익수 뒤 홈런 (홈런거리:105M),
20200710WOHT02020,6,1,1,1,2,2,0,0,0,61962,69652,L,0.217,0.75,148.0,직구,6,142.0,6,F,터커 : 좌익수 뒤 홈런 (홈런거리:105M),
20200710WOHT02020,6,1,1,1,2,2,0,0,0,61962,69652,L,0.217,0.75,146.0,직구,7,142.0,7,H,터커 : 좌익수 뒤 홈런 (홈런거리:105M),
20200710WOHT02020,6,1,2,1,1,0,0,0,0,61962,72443,L,0.364,0.333,149.0,직구,8,142.4,8,B,최형우 : 볼넷,
20200710WOHT02020,6,1,2,1,2,0,0,0,0,61962,72443,L,0.364,0.333,149.0,직구,9,142.6,9,B,최형우 : 볼넷,
20200710WOHT02020,6,1,2,1,2,1,0,0,0,61962,72443,L,0.364,0.333,147.0,직구,10,147.8,10,F,최형우 : 볼넷,
20200710WOHT02020,6,1,2,1,3,1,0,0,0,61962,72443,L,0.364,0.333,148.0,직구,11,147.8,11,B,최형우 : 볼넷,
20200710WOHT02020,6,1,2,1,4,1,0,0,0,61962,72443,L,0.364,0.333,144.0,직구,12,147.4,12,B,최형우 : 볼넷,
20200710WOHT02020,6,1,2,1,0,1,1,0,0,62360,78629,R,0.158,0.5,118.0,커브,1,118.0,1,T,나지완 : 삼진 아웃,
20200710WOHT02020,6,1,2,1,1,1,1,0,0,62360,78629,R,0.158,0.5,142.0,투심,2,130.0,2,B,나지완 : 삼진 아웃,
20200710WOHT02020,6,1,2,1,1,2,1,0,0,62360,78629,R,0.158,0.5,126.0,포크,3,128.67,3,S,나지완 : 삼진 아웃,
20200710WOHT02020,6,1,2,1,1,3,1,0,0,62360,78629,R,0.158,0.5,129.0,포크,4,128.75,4,S,나지완 : 삼진 아웃,
20200710WOHT02020,6,1,2,2,1,0,1,0,0,62360,62265,L,0.231,0.318,126.0,포크,5,128.2,5,B,유민상 : 볼넷,
20200710WOHT02020,6,1,2,2,2,0,1,0,0,62360,62265,L,0.231,0.318,144.0,투심,6,133.4,6,B,유민상 : 볼넷,
20200710WOHT02020,6,1,2,2,3,0,1,0,0,62360,62265,L,0.231,0.318,122.0,커브,7,129.4,7,B,유민상 : 볼넷,
20200710WOHT02020,6,1,2,2,4,0,1,0,0,62360,62265,L,0.231,0.318,142.0,투심,8,132.6,8,B,유민상 : 볼넷,
20200710WOHT02020,6,1,2,2,0,1,1,1,0,62360,64646,R,0.238,0.244,117.0,커브,9,130.2,9,T,박찬호 : 삼진 아웃,
20200710WOHT02020,6,1,2,2,0,2,1,1,0,62360,64646,R,0.238,0.244,131.0,포크,10,131.2,10,S,박찬호 : 삼진 아웃,
20200710WOHT02020,6,1,2,2,0,3,1,1,0,62360,64646,R,0.238,0.244,130.0,포크,11,128.4,11,S,박찬호 : 삼진 아웃,
20200710WOHT02020,7,0,2,0,0,1,0,0,0,65639,75125,R,0.0,0.25,119.0,커브,1,119.0,1,T,박병호 : 삼진 아웃,
20200710WOHT02020,7,0,2,0,0,2,0,0,0,65639,75125,R,0.0,0.25,121.0,커브,2,120.0,2,S,박병호 : 삼진 아웃,
20200710WOHT02020,7,0,2,0,1,2,0,0,0,65639,75125,R,0.0,0.25,121.0,커브,3,120.33,3,B,박병호 : 삼진 아웃,
20200710WOHT02020,7,0,2,0,2,2,0,0,0,65639,75125,R,0.0,0.25,126.0,체인지업,4,121.75,4,B,박병호 : 삼진 아웃,
20200710WOHT02020,7,0,2,0,3,2,0,0,0,65639,75125,R,0.0,0.25,141.0,직구,5,125.6,5,B,박병호 : 삼진 아웃,
20200710WOHT02020,7,0,2,0,3,3,0,0,0,65639,75125,R,0.0,0.25,120.0,커브,6,125.8,6,S,박병호 : 삼진 아웃,
20200710WOHT02020,7,0,2,1,1,0,0,0,0,65639,79456,R,0.0,0.333,142.0,직구,7,130.0,7,B,이지영 : 볼넷,
20200710WOHT02020,7,0,2,1,2,0,0,0,0,65639,79456,R,0.0,0.333,142.0,직구,8,134.2,8,B,이지영 : 볼넷,
20200710WOHT02020,7,0,2,1,3,0,0,0,0,65639,79456,R,0.0,0.333,121.0,커브,9,133.2,9,B,이지영 : 볼넷,
20200710WOHT02020,7,0,2,1,4,0,0,0,0,65639,79456,R,0.0,0.333,140.0,직구,10,133.0,10,B,이지영 : 볼넷,
20200710WOHT02020,7,0,2,1,0,1,1,0,0,65639,65399,R,0.0,0.291,119.0,커브,11,132.8,11,T,허정협 : 삼진 아웃,
20200710WOHT02020,7,0,2,1,1,1,1,0,0,65639,65399,R,0.0,0.291,119.0,커브,12,128.2,12,B,허정협 : 삼진 아웃,
20200710WOHT02020,7,0,2,1,2,1,1,0,0,65639,65399,R,0.0,0.291,119.0,커브,13,123.6,13,B,허정협 : 삼진 아웃,
20200710WOHT02020,7,0,2,1,2,2,1,0,0,65639,65399,R,0.0,0.291,120.0,커브,14,123.4,14,S,허정협 : 삼진 아웃,
20200710WOHT02020,7,0,2,1,2,3,1,0,0,65639,65399,R,0.0,0.291,120.0,커브,15,119.4,15,S,허정협 : 삼진 아웃,
20200710WOHT02020,7,0,2,2,1,0,1,0,0,65639,79365,R,0.0,0.5,122.0,커브,16,120.0,16,B,박동원 : 좌익수 오른쪽 뒤 2루타,
20200710WOHT02020,7,0,2,2,1,0,1,0,0,65639,79365,R,0.0,0.5,120.0,커브,17,120.2,17,H,박동원 : 좌익수 오른쪽 뒤 2루타,
20200710WOHT02020,7,1,2,0,0,1,0,0,0,76430,73209,R,0.444,0.667,142.0,직구,1,142.0,1,T,나주환 : 3루수 땅볼 아웃 (3루수->유격수->1루수 송구아웃),
20200710WOHT02020,7,1,2,0,0,2,0,0,0,76430,73209,R,0.444,0.667,121.0,커브,2,131.5,2,T,나주환 : 3루수 땅볼 아웃 (3루수->유격수->1루수 송구아웃),
20200710WOHT02020,7,1,2,0,0,2,0,0,0,76430,73209,R,0.444,0.667,127.0,포크,3,130.0,3,H,나주환 : 3루수 땅볼 아웃 (3루수->유격수->1루수 송구아웃),
20200710WOHT02020,7,1,2,1,0,0,0,0,0,76430,63722,R,0.125,0.224,143.0,직구,4,133.25,4,H,한승택 : 1루수 플라이 아웃,
20200710WOHT02020,7,1,2,2,0,1,0,0,0,76430,69636,L,0.0,0.333,142.0,직구,5,135.0,5,F,오선우 : 3루수 플라이 아웃,
20200710WOHT02020,7,1,2,2,0,2,0,0,0,76430,69636,L,0.0,0.333,120.0,커브,6,130.6,6,T,오선우 : 3루수 플라이 아웃,
20200710WOHT02020,7,1,2,2,1,2,0,0,0,76430,69636,L,0.0,0.333,127.0,체인지업,7,131.8,7,B,오선우 : 3루수 플라이 아웃,
20200710WOHT02020,7,1,2,2,1,2,0,0,0,76430,69636,L,0.0,0.333,124.0,체인지업,8,131.2,8,H,오선우 : 3루수 플라이 아웃,
20200710WOHT02020,8,0,2,0,0,0,0,0,0,63638,65586,R,0.0,0.5,138.0,투심,1,138.0,1,H,전병우 : 3루수 땅볼 아웃 (3루수->1루수 송구아웃),
20200710WOHT02020,8,0,2,1,0,1,0,0,0,63638,64657,L,0.0,0.25,137.0,투심,2,137.5,2,T,박준태 : 삼진 아웃,
20200710WOHT02020,8,0,2,1,1,1,0,0,0,63638,64657,L,0.0,0.25,119.0,커브,3,131.33,3,B,박준태 : 삼진 아웃,
20200710WOHT02020,8,0,2,1,2,1,0,0,0,63638,64657,L,0.0,0.25,138.0,투심,4,133.0,4,B,박준태 : 삼진 아웃,
20200710WOHT02020,8,0,2,1,2,2,0,0,0,63638,64657,L,0.0,0.25,141.0,투심,5,134.6,5,T,박준태 : 삼진 아웃,
20200710WOHT02020,8,0,2,1,2,3,0,0,0,63638,64657,L,0.0,0.25,121.0,커브,6,131.2,6,S,박준태 : 삼진 아웃,
20200710WOHT02020,8,0,2,2,0,1,0,0,0,63638,78168,L,0.0,1.0,141.0,투심,7,132.0,7,T,서건창 : 중견수 오른쪽 1루타,
20200710WOHT02020,8,0,2,2,0,2,0,0,0,63638,78168,L,0.0,1.0,121.0,커브,8,132.4,8,T,서건창 : 중견수 오른쪽 1루타,
20200710WOHT02020,8,0,2,2,0,2,0,0,0,63638,78168,L,0.0,1.0,122.0,커브,9,129.2,9,F,서건창 : 중견수 오른쪽 1루타,
20200710WOHT02020,8,0,2,2,0,2,0,0,0,63638,78168,L,0.0,1.0,140.0,투심,10,129.0,10,H,서건창 : 중견수 오른쪽 1루타,
20200710WOHT02020,8,0,2,2,1,0,1,0,0,63638,64300,R,0.0,0.333,139.0,투심,11,132.6,11,B,김하성 : 좌익수 뒤 홈런 (홈런거리:115M),
20200710WOHT02020,8,0,2,2,1,1,0,1,0,63638,64300,R,0.0,0.333,137.0,투심,12,131.8,12,T,김하성 : 좌익수 뒤 홈런 (홈런거리:115M),
20200710WOHT02020,8,0,2,2,1,1,0,1,0,63638,64300,R,0.0,0.333,139.0,투심,13,135.4,13,H,김하성 : 좌익수 뒤 홈런 (홈런거리:115M),
20200710WOHT02020,8,0,0,2,0,1,0,0,0,63638,67341,L,0.0,0.2,141.0,투심,14,139.2,14,T,이정후 : 2루수 땅볼 아웃 (2루수->1루수 송구아웃),
20200710WOHT02020,8,0,0,2,1,1,0,0,0,63638,67341,L,0.0,0.2,119.0,커브,15,135.0,15,B,이정후 : 2루수 땅볼 아웃 (2루수->1루수 송구아웃),
20200710WOHT02020,8,0,0,2,2,1,0,0,0,63638,67341,L,0.0,0.2,117.0,커브,16,130.6,16,B,이정후 : 2루수 땅볼 아웃 (2루수->1루수 송구아웃),
20200710WOHT02020,8,0,0,2,2,1,0,0,0,63638,67341,L,0.0,0.2,139.0,투심,17,131.0,17,H,이정후 : 2루수 땅볼 아웃 (2루수->1루수 송구아웃),
20200710WOHT02020,8,1,0,0,0,1,0,0,0,61268,64560,R,0.0,0.4,127.0,투심,1,127.0,1,F,이창진 : 우익수 플라이 아웃,
20200710WOHT02020,8,1,0,0,1,1,0,0,0,61268,64560,R,0.0,0.4,116.0,커브,2,121.5,2,B,이창진 : 우익수 플라이 아웃,
20200710WOHT02020,8,1,0,0,1,1,0,0,0,61268,64560,R,0.0,0.4,116.0,커브,3,119.67,3,H,이창진 : 우익수 플라이 아웃,
20200710WOHT02020,8,1,0,1,1,0,0,0,0,61268,69652,L,0.217,0.6,117.0,커브,4,119.0,4,B,터커 : 우익수 플라이 아웃,
20200710WOHT02020,8,1,0,1,1,1,0,0,0,61268,69652,L,0.217,0.6,130.0,투심,5,121.2,5,F,터커 : 우익수 플라이 아웃,
20200710WOHT02020,8,1,0,1,1,2,0,0,0,61268,69652,L,0.217,0.6,130.0,투심,6,121.8,6,F,터커 : 우익수 플라이 아웃,
20200710WOHT02020,8,1,0,1,1,2,0,0,0,61268,69652,L,0.217,0.6,117.0,커브,7,122.0,7,H,터커 : 우익수 플라이 아웃,
20200710WOHT02020,8,1,0,2,0,1,0,0,0,61268,72443,L,0.364,0.25,130.0,투심,8,124.8,8,T,최형우 : 1루수 땅볼 아웃 (1루수->투수 1루 터치아웃),
20200710WOHT02020,8,1,0,2,1,1,0,0,0,61268,72443,L,0.364,0.25,129.0,투심,9,127.2,9,B,최형우 : 1루수 땅볼 아웃 (1루수->투수 1루 터치아웃),
20200710WOHT02020,8,1,0,2,2,1,0,0,0,61268,72443,L,0.364,0.25,119.0,커브,10,125.0,10,B,최형우 : 1루수 땅볼 아웃 (1루수->투수 1루 터치아웃),
20200710WOHT02020,8,1,0,2,2,2,0,0,0,61268,72443,L,0.364,0.25,130.0,투심,11,125.0,11,F,최형우 : 1루수 땅볼 아웃 (1루수->투수 1루 터치아웃),
20200710WOHT02020,8,1,0,2,2,2,0,0,0,61268,72443,L,0.364,0.25,133.0,투심,12,128.2,12,H,최형우 : 1루수 땅볼 아웃 (1루수->투수 1루 터치아웃),
20200710WOHT02020,9,0,0,0,1,0,0,0,0,66609,75125,R,0.0,0.25,122.0,커브,1,122.0,1,B,박병호 : 볼넷,
20200710WOHT02020,9,0,0,0,2,0,0,0,0,66609,75125,R,0.0,0.25,134.0,슬라이더,2,128.0,2,B,박병호 : 볼넷,
20200710WOHT02020,9,0,0,0,3,0,0,0,0,66609,75125,R,0.0,0.25,140.0,직구,3,132.0,3,B,박병호 : 볼넷,
20200710WOHT02020,9,0,0,0,4,0,0,0,0,66609,75125,R,0.0,0.25,143.0,직구,4,134.75,4,B,박병호 : 볼넷,
20200710WOHT02020,9,0,0,0,0,0,1,0,0,66609,79456,R,0.0,0.333,138.0,직구,5,135.4,5,H,이지영 : 1루수 희생번트 아웃 (1루수->2루수 1루 터치아웃),
20200710WOHT02020,9,0,0,1,0,1,0,1,0,66609,67304,L,0.0,0.279,134.0,슬라이더,6,137.8,6,T,김혜성 : 삼진 아웃,
20200710WOHT02020,9,0,0,1,0,2,0,1,0,66609,67304,L,0.0,0.279,142.0,직구,7,139.4,7,T,김혜성 : 삼진 아웃,
20200710WOHT02020,9,0,0,1,0,2,0,1,0,66609,67304,L,0.0,0.279,142.0,직구,8,139.8,8,F,김혜성 : 삼진 아웃,
20200710WOHT02020,9,0,0,1,0,3,0,1,0,66609,67304,L,0.0,0.279,143.0,직구,9,139.8,9,T,김혜성 : 삼진 아웃,
20200710WOHT02020,9,0,0,2,0,1,0,1,0,66609,79365,R,0.0,0.4,135.0,슬라이더,10,139.2,10,T,박동원 : 삼진 아웃,
20200710WOHT02020,9,0,0,2,0,2,0,1,0,66609,79365,R,0.0,0.4,135.0,슬라이더,11,139.4,11,F,박동원 : 삼진 아웃,
20200710WOHT02020,9,0,0,2,1,2,0,1,0,66609,79365,R,0.0,0.4,143.0,직구,12,139.6,12,B,박동원 : 삼진 아웃,
20200710WOHT02020,9,0,0,2,1,3,0,1,0,66609,79365,R,0.0,0.4,141.0,직구,13,139.4,13,T,박동원 : 삼진 아웃,
20200710WOHT02020,9,1,0,0,0,1,0,0,0,61268,78629,R,0.158,0.25,117.0,커브,13,125.6,1,T,나지완 : 유격수 라인드라이브 아웃,
20200710WOHT02020,9,1,0,0,0,1,0,0,0,61268,78629,R,0.158,0.25,117.0,커브,14,123.2,2,H,나지완 : 유격수 라인드라이브 아웃,
20200710WOHT02020,9,1,0,1,1,0,0,0,0,61268,62265,L,0.231,0.318,119.0,커브,15,123.2,3,B,유민상 : 중견수 플라이 아웃,
20200710WOHT02020,9,1,0,1,1,0,0,0,0,61268,62265,L,0.231,0.318,130.0,투심,16,123.2,4,H,유민상 : 중견수 플라이 아웃,
20200710WOHT02020,9,1,0,2,1,0,0,0,0,61268,64646,R,0.238,0.2,118.0,커브,17,120.2,5,B,박찬호 : 우익수 왼쪽 앞 1루타,
20200710WOHT02020,9,1,0,2,1,1,0,0,0,61268,64646,R,0.238,0.2,119.0,커브,18,120.6,6,T,박찬호 : 우익수 왼쪽 앞 1루타,
20200710WOHT02020,9,1,0,2,2,1,0,0,0,61268,64646,R,0.238,0.2,117.0,커브,19,120.6,7,B,박찬호 : 우익수 왼쪽 앞 1루타,
20200710WOHT02020,9,1,0,2,2,1,0,0,0,61268,64646,R,0.238,0.2,128.0,투심,20,122.4,8,H,박찬호 : 우익수 왼쪽 앞 1루타,
20200710WOHT02020,9,1,0,2,0,1,1,0,0,61268,73209,R,0.444,0.4,117.0,커브,21,119.8,9,F,나주환 : 3루수 땅볼 아웃 (3루수->1루수 송구아웃),
20200710WOHT02020,9,1,0,2,0,1,1,0,0,61268,73209,R,0.444,0.4,116.0,커브,22,119.4,10,H,나주환 : 3루수 땅볼 아웃 (3루수->1루수 송구아웃),
20200710WOHT02020,10,0,0,0,0,1,0,0,0,50662,65586,R,0.0,0.4,143.0,직구,1,143.0,1,T,전병우 : 1루수 플라이 아웃,
20200710WOHT02020,10,0,0,0,1,1,0,0,0,50662,65586,R,0.0,0.4,131.0,슬라이더,2,137.0,2,B,전병우 : 1루수 플라이 아웃,
20200710WOHT02020,10,0,0,0,1,1,0,0,0,50662,65586,R,0.0,0.4,133.0,슬라이더,3,135.67,3,H,전병우 : 1루수 플라이 아웃,
20200710WOHT02020,10,0,0,1,0,0,0,0,0,50662,64657,L,0.0,0.2,144.0,직구,4,137.75,4,H,박준태 : 2루수 땅볼 아웃 (2루수->1루수 송구아웃),
20200710WOHT02020,10,0,0,2,0,1,0,0,0,50662,78168,L,0.0,0.8,145.0,직구,5,139.2,5,F,서건창 : 삼진 아웃,
20200710WOHT02020,10,0,0,2,1,1,0,0,0,50662,78168,L,0.0,0.8,129.0,포크,6,136.4,6,B,서건창 : 삼진 아웃,
20200710WOHT02020,10,0,0,2,1,2,0,0,0,50662,78168,L,0.0,0.8,134.0,슬라이더,7,137.0,7,F,서건창 : 삼진 아웃,
20200710WOHT02020,10,0,0,2,1,3,0,0,0,50662,78168,L,0.0,0.8,147.0,직구,8,139.8,8,S,서건창 : 삼진 아웃,
20200710WOHT02020,10,1,0,0,0,1,0,0,0,65398,63722,R,0.125,0.25,141.0,직구,1,141.0,1,T,한승택 : 좌익수 오른쪽 1루타,
20200710WOHT02020,10,1,0,0,0,2,0,0,0,65398,63722,R,0.125,0.25,117.0,커브,2,129.0,2,T,한승택 : 좌익수 오른쪽 1루타,
20200710WOHT02020,10,1,0,0,0,2,0,0,0,65398,63722,R,0.125,0.25,131.0,포크,3,129.67,3,H,한승택 : 좌익수 오른쪽 1루타,
20200710WOHT02020,10,1,0,0,1,0,1,0,0,65398,66614,L,0.0,0.159,138.0,직구,4,131.75,4,B,김규성 : 1루수 플라이 아웃 (번트),
20200710WOHT02020,10,1,0,0,2,0,1,0,0,65398,66614,L,0.0,0.159,137.0,직구,5,132.8,5,B,김규성 : 1루수 플라이 아웃 (번트),
20200710WOHT02020,10,1,0,0,2,0,1,0,0,65398,66614,L,0.0,0.159,136.0,직구,6,131.8,6,H,김규성 : 1루수 플라이 아웃 (번트),
20200710WOHT02020,10,1,0,2,1,0,0,0,0,65398,64560,R,0.0,0.5,140.0,직구,7,136.4,7,B,이창진 : 우익수 왼쪽 1루타,
20200710WOHT02020,10,1,0,2,1,1,0,0,0,65398,64560,R,0.0,0.5,141.0,직구,8,138.4,8,T,이창진 : 우익수 왼쪽 1루타,
20200710WOHT02020,10,1,0,2,1,2,0,0,0,65398,64560,R,0.0,0.5,142.0,직구,9,139.2,9,F,이창진 : 우익수 왼쪽 1루타,
20200710WOHT02020,10,1,0,2,2,2,0,0,0,65398,64560,R,0.0,0.5,123.0,커브,10,136.4,10,B,이창진 : 우익수 왼쪽 1루타,
20200710WOHT02020,10,1,0,2,2,2,0,0,0,65398,64560,R,0.0,0.5,143.0,직구,11,137.8,11,H,이창진 : 우익수 왼쪽 1루타,
20200710WOHT02020,10,1,0,2,1,0,1,0,0,65398,69652,L,0.217,0.5,117.0,커브,12,133.2,12,B,터커 : 삼진 아웃,
20200710WOHT02020,10,1,0,2,1,1,1,0,0,65398,69652,L,0.217,0.5,139.0,직구,13,132.8,13,T,터커 : 삼진 아웃,
20200710WOHT02020,10,1,0,2,2,1,1,0,0,65398,69652,L,0.217,0.5,126.0,포크,14,129.6,14,B,터커 : 삼진 아웃,
20200710WOHT02020,10,1,0,2,2,2,1,0,0,65398,69652,L,0.217,0.5,127.0,포크,15,130.4,15,S,터커 : 삼진 아웃,
20200710WOHT02020,10,1,0,2,2,3,1,0,0,65398,69652,L,0.217,0.5,128.0,포크,16,127.4,16,T,터커 : 삼진 아웃,
20200710WOHT02020,11,0,0,0,1,0,0,0,0,50662,64300,R,0.0,0.25,131.0,슬라이더,9,137.2,1,B,김하성 : 중견수 플라이 아웃,
20200710WOHT02020,11,0,0,0,1,1,0,0,0,50662,64300,R,0.0,0.25,142.0,직구,10,136.6,2,T,김하성 : 중견수 플라이 아웃,
20200710WOHT02020,11,0,0,0,2,1,0,0,0,50662,64300,R,0.0,0.25,143.0,직구,11,139.4,3,B,김하성 : 중견수 플라이 아웃,
20200710WOHT02020,11,0,0,0,3,1,0,0,0,50662,64300,R,0.0,0.25,130.0,슬라이더,12,138.6,4,B,김하성 : 중견수 플라이 아웃,
20200710WOHT02020,11,0,0,0,3,1,0,0,0,50662,64300,R,0.0,0.25,142.0,직구,13,137.6,5,H,김하성 : 중견수 플라이 아웃,
20200710WOHT02020,11,0,0,1,0,1,0,0,0,50662,67341,L,0.0,0.333,146.0,직구,14,140.6,6,T,이정후 : 우익수 오른쪽 1루타,
20200710WOHT02020,11,0,0,1,0,1,0,0,0,50662,67341,L,0.0,0.333,146.0,직구,15,141.4,7,H,이정후 : 우익수 오른쪽 1루타,
20200710WOHT02020,11,0,0,1,0,1,1,0,0,50662,66354,L,0.0,0.2,131.0,슬라이더,16,139.0,8,T,주효상 : 3루수 라인드라이브 아웃,
20200710WOHT02020,11,0,0,1,0,1,1,0,0,50662,66354,L,0.0,0.2,143.0,직구,17,141.6,9,H,주효상 : 3루수 라인드라이브 아웃,
20200710WOHT02020,11,0,0,2,0,1,1,0,0,50662,79456,R,0.0,0.333,144.0,직구,18,142.0,10,F,,
20200710WOHT02020,11,0,0,2,1,1,1,0,0,50662,79456,R,0.0,0.333,132.0,슬라이더,19,139.2,11,B,,
20200710WOHT02020,11,0,0,2,2,1,1,0,0,50662,79456,R,0.0,0.333,129.0,슬라이더,20,135.8,12,B,,
20200710WOHT02020,11,1,0,0,1,0,0,0,0,66305,72443,L,0.364,0.4,141.0,직구,1,141.0,1,B,최형우 : 우익수 앞 1루타,
20200710WOHT02020,11,1,0,0,2,0,0,0,0,66305,72443,L,0.364,0.4,141.0,직구,2,141.0,2,B,최형우 : 우익수 앞 1루타,
20200710WOHT02020,11,1,0,0,2,1,0,0,0,66305,72443,L,0.364,0.4,128.0,슬라이더,3,136.67,3,T,최형우 : 우익수 앞 1루타,
20200710WOHT02020,11,1,0,0,2,1,0,0,0,66305,72443,L,0.364,0.4,131.0,슬라이더,4,135.25,4,H,최형우 : 우익수 앞 1루타,
20200710WOHT02020,11,1,0,0,0,1,1,0,0,66305,78629,R,0.158,0.2,128.0,슬라이더,5,133.8,5,T,나지완 : 삼진 아웃,
20200710WOHT02020,11,1,0,0,0,2,1,0,0,66305,78629,R,0.158,0.2,140.0,직구,6,133.6,6,S,나지완 : 삼진 아웃,
20200710WOHT02020,11,1,0,0,1,2,1,0,0,66305,78629,R,0.158,0.2,142.0,직구,7,133.8,7,B,나지완 : 삼진 아웃,
20200710WOHT02020,11,1,0,0,1,3,1,0,0,66305,78629,R,0.158,0.2,141.0,직구,8,136.4,8,T,나지완 : 삼진 아웃,
20200710WOHT02020,11,1,0,1,1,0,1,0,0,66305,62265,L,0.231,0.318,141.0,직구,9,138.4,9,B,유민상 : 볼넷,
20200710WOHT02020,11,1,0,1,2,0,1,0,0,66305,62265,L,0.231,0.318,125.0,슬라이더,10,137.8,10,B,유민상 : 볼넷,
20200710WOHT02020,11,1,0,1,2,1,1,0,0,66305,62265,L,0.231,0.318,129.0,슬라이더,11,135.6,11,T,유민상 : 볼넷,
20200710WOHT02020,11,1,0,1,2,2,1,0,0,66305,62265,L,0.231,0.318,142.0,직구,12,135.6,12,T,유민상 : 볼넷,
20200710WOHT02020,11,1,0,1,3,2,1,0,0,66305,62265,L,0.231,0.318,144.0,직구,13,136.2,13,B,유민상 : 볼넷,
20200710WOHT02020,11,1,0,1,4,2,1,0,0,66305,62265,L,0.231,0.318,130.0,슬라이더,14,134.0,14,B,유민상 : 볼넷,
20200710WOHT02020,11,1,0,1,1,0,1,1,0,66305,66606,L,0.308,1.0,125.0,슬라이더,15,134.0,15,B,최원준 : 중견수 앞 1루타,
20200710WOHT02020,11,1,0,1,1,1,1,1,0,66305,66606,L,0.308,1.0,140.0,직구,16,136.2,16,T,최원준 : 중견수 앞 1루타,
20200710WOHT02020,11,1,0,1,1,1,1,1,0,66305,66606,L,0.308,1.0,140.0,직구,17,135.8,17,H,최원준 : 중견수 앞 1루타,
